head = [
    (-20, 230),
    (-80, 220),
    (-140, 180),
    (-185, 120),
    (-210, 40),
    (-215, -40),
    (-195, -120),
    (-155, -180),
    (-100, -220),
    (-40, -245),
    (0, -250),
    (40, -245),
    (100, -220),
    (155, -180),
    (195, -120),
    (215, -40),
    (210, 40),
    (185, 120),
    (140, 180),
    (80, 220),
    (20, 230),
    (0, 235)
]

left_eye = [
    (-175, 85),
    (-145, 115),
    (-105, 130),
    (-70, 120),
    (-90, 80),
    (-125, 50),
    (-160, 45),
    (-175, 85)
]

right_eye = [
    (175, 85),
    (145, 115),
    (105, 130),
    (70, 120),
    (90, 80),
    (125, 50),
    (160, 45),
    (175, 85)
]

web_lines = [
    # خط رأسي في المنتصف
    [(0, 235), (0, -245)],

    # خطوط مائلة ناحية الشمال
    [(0, 190), (-80, 220)],
    [(0, 140), (-140, 180)],
    [(0, 80), (-185, 120)],
    [(0, 20), (-210, 40)],
    [(0, -40), (-215, -40)],
    [(0, -100), (-195, -120)],
    [(0, -160), (-155, -180)],
    [(0, -210), (-100, -220)],

    # خطوط مائلة ناحية اليمين
    [(0, 190), (80, 220)],
    [(0, 140), (140, 180)],
    [(0, 80), (185, 120)],
    [(0, 20), (210, 40)],
    [(0, -40), (215, -40)],
    [(0, -100), (195, -120)],
    [(0, -160), (155, -180)],
    [(0, -210), (100, -220)],
]

web_rings = [
    [
        (-65, 205),
        (-30, 195),
        (0, 190),
        (30, 195),
        (65, 205)
    ],

    [
        (-120, 165),
        (-70, 150),
        (0, 145),
        (70, 150),
        (120, 165)
    ],

    [
        (-165, 115),
        (-100, 100),
        (0, 95),
        (100, 100),
        (165, 115)
    ],

    [
        (-195, 55),
        (-120, 45),
        (0, 40),
        (120, 45),
        (195, 55)
    ],

    [
        (-205, -10),
        (-130, -15),
        (0, -20),
        (130, -15),
        (205, -10)
    ],

    [
        (-200, -75),
        (-125, -80),
        (0, -85),
        (125, -80),
        (200, -75)
    ],

    [
        (-175, -135),
        (-105, -140),
        (0, -145),
        (105, -140),
        (175, -135)
    ],

    [
        (-140, -185),
        (-75, -190),
        (0, -195),
        (75, -190),
        (140, -185)
    ],

    [
        (-90, -220),
        (-45, -225),
        (0, -230),
        (45, -225),
        (90, -220)
    ]
]